-3.27642e+134 -3.27642e+134 -3.27642e+134 -3.27642e+134 -3.27642e+134 -3.27642e+134 -3.27642e+134 -3.27642e+134 -3.27642e+134 -3.27642e+134 
3.27642e+134 3.27642e+134 3.27642e+134 3.27642e+134 3.27642e+134 3.27642e+134 3.27642e+134 3.27642e+134 3.27642e+134 3.27642e+134 
3.27642e+134 3.27642e+134 3.27642e+134 3.27642e+134 3.27642e+134 3.27642e+134 3.27642e+134 3.27642e+134 3.27642e+134 3.27642e+134 
3.27642e+134 3.27642e+134 3.27642e+134 3.27642e+134 3.27642e+134 3.27642e+134 3.27642e+134 3.27642e+134 3.27642e+134 3.27642e+134 
3.27642e+134 3.27642e+134 3.27642e+134 3.27642e+134 3.27642e+134 3.27642e+134 3.27642e+134 3.27642e+134 3.27642e+134 3.27642e+134 
3.27642e+134 3.27642e+134 3.27642e+134 3.27642e+134 3.27642e+134 3.27642e+134 3.27642e+134 3.27642e+134 3.27642e+134 3.27642e+134 
3.27642e+134 3.27642e+134 3.27642e+134 3.27642e+134 3.27642e+134 3.27642e+134 3.27642e+134 3.27642e+134 3.27642e+134 3.27642e+134 
3.27642e+134 3.27642e+134 3.27642e+134 3.27642e+134 3.27642e+134 3.27642e+134 3.27642e+134 3.27642e+134 3.27642e+134 3.27642e+134 
3.27642e+134 3.27642e+134 3.27642e+134 3.27642e+134 3.27642e+134 3.27642e+134 3.27642e+134 3.27642e+134 3.27642e+134 3.27642e+134 
-3.27642e+134 -3.27642e+134 -3.27642e+134 -3.27642e+134 -3.27642e+134 -3.27642e+134 -3.27642e+134 -3.27642e+134 -3.27642e+134 -3.27642e+134 
